167,4
30,3
30,1
29,4
29,3
29,1
35,15
26,4
27,3
28,3
26,3
27,5
28,5
28,1
35,8
28,4
26,1
34,8
34,9
25,5
27,1
34,3
25,4
34,5
34,1
34,4
27,4
25,3
18,1
35,14
18,3
35,3
35,7
14,5
35,6
13,1
35,1
25,1
35,5
13,3
35,4
24,3
24,1
2,2
2,1
3,2
0,316
14,1
14,4
2,3
0,324
14,3
0,0
0,9
168,34
168,33
168,32
168,31
168,30
168,29
168,28
168,27
168,26
168,25
168,24
168,23
168,22
168,21
168,20
168,19
168,18
168,17
168,16
168,15
168,14
168,13
168,12
168,11
168,10
168,9
168,8
168,7
168,6
168,5
168,4
168,3
168,2
168,0
0,276
0,275
0,272
0,271
0,12
0,315
0,10
0,8
